0011010100100100 0101111010000001 1001 0000000000 
0101011001100011 0111101100001101 1101 0000000000 
1000010001100101 0101001000010010 0001 0000000000 
1100110100001101 1111000101110110 1101 0000000000 
0101011111101101 1111011110001100 1001 0001000001 
0010010011000110 1000010011000101 1010 0000101000 
1111011111100101 0111001001110111 0010 0000011110 
1101101110001111 0110100111110010 1110 0000010101 
0111101011101000 0100111011000101 1100 0000000100 
0010100010111101 0101100000101101 0101 0001001110 
0110001001100011 1000011100001010 0000 0000000000 
0010000100100000 0100010110101010 1101 0000000000 
0011111010010110 1011100000010011 1101 0000001001 
1101011001010011 1101110101101011 0101 0000001011 
0100101000000010 0011111010101110 1101 0000010001 
0111001011001111 0100100100100011 1010 0000000000 
0000101011001010 0100110000111100 0010 0000100110 
0110000110001010 1011001101000001 1000 0000000000 
1111001101111000 0001001010001001 1011 0000000000 
0110010110110110 1111100111000110 1110 0000001101 
0000001010111100 1101110100101010 1011 0000000011 
1011111001110001 0100000110000101 1111 0000000000 
0110000000111011 0011001100111010 1110 0000110111 
0100101100010101 1001101111110001 1001 0000000000 
0000011101100010 1111101101001100 1111 0000000000 
1010000110001111 1010100111111000 0111 0000110100 
0101011010011111 1001010001011100 1011 0000000000 
0011011110001001 0011001001001001 0000 0000101000 
1100000011010111 1111110001010001 0110 0000000010 
0111111100001100 1100111011000010 1000 0000000000 
0101101001110111 1110110100111101 0010 0000001010 
0000000001111110 1000000101101101 1001 0000101001 
1000111100011111 1111011011010011 0101 0000000001 
1000100001111000 0101100101011011 1001 0001010100 
1010111000111111 1010111100101010 1000 0000101010 
0011100010000110 0000110010001110 1100 0001010000 
1001100111111010 1011110000100110 0011 0000011100 
1011010010100011 1010100000101111 0011 0000000000 
0101011001011111 0000110101000100 0111 0000000101 
0011011011001011 0001101011100110 1010 0000000000 
1100000100101001 1110001011101101 1010 0000010101 
1011011001100101 1110001010110101 1111 0000010000 
0001100101111001 1111111101000100 0000 0000000110 
0000101100101010 1010110110101011 1110 0000011111 
1010110111011100 1011110010011010 1101 0001010100 
0000001011000011 1110110101010110 1110 0000000000 
0111011001100111 0011010000001010 0110 0000001001 
1000101000111000 1000011101111001 1000 0001011011 
1011111110010100 0101110110010011 0100 0000101011 
1100101001011001 0110100111011011 1101 0000100011 
1011011111011001 0010011001101101 0110 0000101001 
0100100111001010 0010110110110110 0101 0000010010 
0001101001000110 1001101100000100 0111 0000110110 
0000011101101001 1011101010110100 1000 0000000000 
1101100100101000 0000010000101101 0111 0000000111 
1001110000101110 1110010000001000 1100 0000001010 
1010011011111101 0000011100101001 1100 0000111001 
0110011110000110 0000100011011010 1101 0000000000 
1010011101100110 1100010001110000 0011 0001100001 
1001100110111010 1011001101011110 1010 0000000000 
0000010111010101 1111011000011010 1001 0000000000 
0110000100110111 0011011110010110 0000 0000101110 
1001111100100110 0001101010110110 1101 0000010110 
0000111111011100 0101011110000110 1000 0000000000 
1001101101111110 1000000011011011 1111 0000101100 
0010101101111001 1110010011111010 0001 0000001100 
0000100100010111 0111100010100001 0110 0000111111 
1001011001010000 0101100111110101 0101 0000000000 
1000101000101001 0111010111000001 0101 0000000000 
1011010010011000 0111101101001011 0011 0000000000 
1110011011101100 0001011010001010 1110 0001001000 
1000000010101000 1111110110101001 0001 0001100101 
1011100100001110 0110011011100110 1111 0000000000 
1011010100101010 0001110100101010 1101 0000010001 
1111111110011110 1110011000111000 1001 0000000000 
1110001111001000 0100010111001010 0011 0001001010 
1100100101101011 1010111011000111 0110 0000000000 
1001110110111010 1010101111000100 1001 0000101110 
1101001110010010 1001101010110100 1111 0000101101 
1001000010000110 1111010111111010 0010 0000000000 
0010000100110010 0101111010111101 0100 0000000000 
1010010011100100 1100111111001010 1001 0000000000 
1010100010100001 1010100110001110 1011 0010000101 
0001111000001011 1001000011101111 1001 0000000000 
1110010100110110 0100100001110101 1111 0000000010 
1011111101101011 1110011110001000 1110 0000000000 
1000000110011011 0100010110010010 1000 0000000100 
1110000000101101 0101111101001011 0010 0000001111 
1111011000011110 0000010100001101 1100 0000100000 
1001110100011000 0001101111010001 0110 0000000011 
0010010001000001 0110010000111011 1000 0000011011 
1110100101010011 0110001001010110 1011 0000001100 
1111101011100010 1110001000000100 0011 0000000001 
1011010011011000 0100110100010010 1000 0000000000 
0001001000111001 1011011011100101 0001 0000000000 
0000111100101011 0101110110000001 1000 0000000000 
0101010100100111 1111100110100001 1111 0000000000 
0011101000000100 0010001101011000 0110 0000000000 
1001001100010100 1011010000010010 0110 0000111110 
1110001010110001 1101010101010101 1101 0000000000 
